[DASH_CAM]
POS=-0.010000,0.740000,0.220000
EXP=20
